281 446 34 -12
315 434 34 -12
349 422 34 -12
383 410 34 -12
417 398 34 -12
451 386 34 -12
485 374 34 -12
519 362 34 -12
553 350 34 -12
587 338 34 -12
621 326 34 -12
655 314 34 -12
689 302 34 -12
723 290 34 -12
757 278 34 -12
791 266 34 -12
825 254 34 -12
859 242 34 -12
893 230 34 -12
927 218 34 -12
961 206 34 -12
995 194 34 -12
1029 182 34 -12
1063 170 34 -12
1097 158 34 -12
1131 146 34 -12
1165 134 34 -12
1199 122 34 -12
1233 110 34 -12
1267 98 34 -12
1301 86 34 -12
1335 74 34 -12
1369 62 34 -12
1403 50 34 -12
1437 38 34 -12
1471 26 34 -12
1505 14 34 -12
1539 2 34 -12
1573 -10 34 -12
1607 -22 34 -12
1641 -34 34 -12
1675 -46 34 -12
1709 -58 34 -12
1743 -70 34 -12
1777 -82 34 -12
1811 -94 34 -12
1845 -106 34 -12
1879 -118 34 -12
1913 -130 34 -12
1947 -142 34 -12
1981 -154 34 -12
2015 -166 34 -12
2049 -178 34 -12
2083 -190 34 -12
2117 -202 34 -12
2151 -214 34 -12
2185 -226 34 -12
2219 -238 34 -12
2253 -250 34 -12
2287 -262 34 -12
2321 -274 34 -12
2355 -286 34 -12
2389 -298 34 -12
2423 -310 34 -12
2457 -322 34 -12
2491 -334 34 -12
2525 -346 34 -12
2559 -358 34 -12
2593 -370 34 -12
2627 -382 34 -12
2661 -394 34 -12
2695 -406 34 -12
2729 -418 34 -12
2763 -430 34 -12
2797 -442 34 -12
2831 -454 34 -12
2865 -466 34 -12
2899 -478 34 -12
2933 -490 34 -12
2967 -502 34 -12
3001 -514 34 -12
3035 -526 34 -12
3069 -538 34 -12
3103 -550 34 -12
3137 -562 34 -12
3171 -574 34 -12
3205 -586 34 -12
3239 -598 34 -12
3273 -610 34 -12
3307 -622 34 -12
3341 -634 34 -12
3375 -646 34 -12
3409 -658 34 -12
3443 -670 34 -12
3477 -682 34 -12
3511 -694 34 -12
3545 -706 34 -12
3579 -718 34 -12
3613 -730 34 -12
3647 -742 34 -12
